640 960 9
1 2 3 4 5 6 7 8 9
1 21 210
1 165 199
1 202 200
1 315 199
1 329 208
1 340 192
1 378 209
1 420 202
1 527 204
2 91 198
2 574 192
3 132 205
3 238 203
4 396 201
5 113 205
5 588 204
6 7 296
6 90 195
6 92 199
6 103 206
6 179 197
6 341 204
7 150 196
7 455 200
8 474 196
8 548 208
9 198 201
9 280 197
9 377 199
9 438 202
9 566 198
10 309 104
10 428 93
10 531 97
11 59 96
11 99 98
11 172 96
12 104 113
12 296 106
12 458 96
12 478 101
12 584 100
12 586 92
13 120 97
13 158 102
13 397 102
13 403 103
14 17 94
14 563 95
15 36 104
15 80 94
15 348 103
15 565 103
16 78 106
16 549 98
17 168 106
17 220 106
18 235 101
18 326 106
19 560 105
20 307 93
20 476 94
21 73 92
21 248 88
22 124 95
22 160 97
22 214 103
22 382 100
22 472 104
22 529 98
23 287 100
23 518 99
23 638 101
24 149 96
24 209 100
24 402 99
24 415 99
25 108 101
25 182 102
25 581 98
26 181 101
26 426 102
26 562 110
27 136 101
27 378 97
28 91 94
28 176 105
28 262 102
28 378 92
29 44 102
29 229 102
29 455 101
30 154 108
30 189 96
30 292 98
30 378 105
30 600 99
31 213 101
31 305 101
32 45 100
32 70 102
32 153 103
33 118 98
33 223 93
33 369 100
33 393 107
33 528 102
34 275 92
34 589 95
35 285 102
35 454 96
35 515 97
35 537 99
35 568 95
36 78 87
36 227 111
37 128 102
37 519 100
38 74 104
38 127 100
38 488 94
38 571 94
39 45 106
39 238 95
39 353 93
39 503 99
40 127 97
40 373 105
41 526 103
42 332 99
42 469 109
43 617 97
44 234 102
44 385 96
44 457 93
44 595 80
45 107 102
45 466 98
45 554 105
46 270 95
46 323 96
46 384 98
46 388 96
46 473 99
47 127 93
47 324 95
47 354 94
47 556 100
48 70 92
48 341 97
49 258 104
49 332 100
50 83 105
50 355 95
51 100 106
51 441 100
52 161 98
52 395 96
52 501 103
52 627 98
53 82 95
53 241 105
53 551 102
54 55 94
54 134 105
54 232 96
54 549 100
54 601 101
55 592 105
56 224 98
57 159 94
57 227 96
57 337 104
57 432 92
57 619 106
58 216 99
58 224 97
58 265 94
58 302 97
58 344 101
58 392 100
58 427 103
58 542 100
58 630 96
59 185 105
59 252 100
59 272 102
59 494 103
59 614 96
60 314 98
60 472 99
60 541 99
61 270 96
61 299 100
61 431 107
61 551 103
62 450 88
62 483 105
62 516 101
63 269 93
63 279 101
64 358 96
64 547 106
64 612 111
65 173 96
65 309 99
65 513 95
65 556 96
66 257 104
66 400 99
67 126 98
67 295 103
68 386 100
68 398 94
69 388 102
69 422 101
70 563 101
71 219 106
71 499 101
71 576 95
72 136 100
72 455 99
73 157 93
74 190 103
74 310 99
74 329 106
74 550 99
75 91 94
75 495 100
76 202 108
76 206 102
76 483 96
76 563 102
77 197 101
77 345 109
77 557 97
77 581 95
78 377 103
78 589 104
78 632 104
79 197 96
79 296 103
79 390 93
80 183 94
80 464 100
80 570 108
81 150 98
81 374 99
81 543 113
81 592 97
82 209 99
82 304 97
82 346 100
82 409 96
82 473 105
82 544 103
83 149 104
83 206 114
83 458 89
83 501 108
83 536 94
83 630 92
84 434 101
84 564 105
84 597 96
85 90 99
85 241 110
85 297 104
85 363 102
85 412 96
86 232 94
86 608 101
87 215 100
87 238 103
88 98 96
88 336 93
89 595 102
90 277 98
90 511 109
90 618 104
91 388 97
91 462 111
91 566 102
92 127 107
92 332 96
93 289 113
94 216 93
94 438 96
95 356 95
95 395 98
96 432 103
97 113 101
97 185 101
98 229 105
99 253 110
99 392 92
100 116 95
100 492 95
101 241 98
101 428 91
102 182 94
102 351 103
102 502 95
102 512 101
102 516 104
102 596 101
103 381 97
103 462 94
103 517 95
104 219 91
104 329 93
104 419 100
104 530 106
105 552 103
106 156 101
106 195 105
106 407 101
107 138 103
107 184 95
108 365 96
109 193 97
109 203 103
109 423 92
110 593 106
111 222 102
111 615 108
112 124 100
112 264 105
113 223 100
114 195 102
114 523 91
115 180 98
115 202 98
115 443 100
115 517 102
115 521 106
115 523 101
115 566 105
116 256 93
116 424 98
117 140 94
117 257 112
117 354 94
117 375 96
117 564 96
118 210 100
119 210 95
119 301 95
119 369 95
120 240 97
120 385 95
121 178 91
121 309 97
121 455 107
122 160 104
123 311 104
123 339 102
123 446 99
124 348 98
124 581 111
124 610 110
124 634 86
125 317 103
125 339 101
125 539 102
125 633 96
125 634 105
126 224 98
126 391 97
127 137 101
127 275 96
127 295 100
127 613 98
128 306 97
128 463 100
128 638 99
129 194 102
129 388 92
130 288 96
130 595 97
131 149 99
131 318 94
131 455 101
132 335 99
132 401 100
133 456 98
133 610 97
134 294 96
135 208 104
135 377 94
135 492 102
138 564 101
138 625 97
139 166 105
140 494 101
140 594 103
141 270 102
141 311 100
141 487 97
141 622 89
142 572 94
142 597 95
143 268 95
143 301 101
143 462 105
144 201 99
144 390 104
144 528 100
144 584 93
145 238 91
146 153 104
146 436 91
147 344 92
148 192 99
148 265 98
148 342 100
149 374 108
149 507 98
149 561 102
150 248 100
150 621 95
151 191 94
151 197 101
151 341 100
151 479 102
152 248 87
152 332 101
152 630 102
153 198 102
153 356 93
153 597 105
154 200 103
155 347 99
155 504 106
155 509 97
155 546 101
156 292 98
156 373 95
156 429 98
156 509 103
157 296 101
157 483 87
159 408 110
159 475 97
160 239 105
160 259 101
160 371 105
160 565 94
161 360 91
161 491 107
162 205 98
162 221 99
162 236 102
162 608 101
163 353 98
163 369 103
164 337 101
164 374 93
164 467 97
164 554 102
165 173 103
165 265 107
165 331 97
165 373 103
165 638 108
166 336 102
167 532 93
167 539 91
167 578 95
168 211 97
168 447 97
169 207 99
169 336 98
169 416 88
170 176 98
170 447 95
171 240 100
172 592 101
172 631 97
173 176 99
173 423 98
173 456 102
173 485 100
174 285 100
175 581 94
176 414 100
176 415 107
176 442 99
177 239 91
177 500 95
178 185 105
178 364 93
178 624 101
179 293 94
180 262 105
180 559 88
180 634 102
181 187 99
181 402 102
182 201 89
182 265 103
182 267 98
182 489 96
182 551 98
182 632 104
184 289 87
184 413 104
185 599 99
186 434 106
187 402 91
187 545 94
188 206 93
188 505 106
189 263 104
189 387 98
189 461 100
189 493 94
190 260 89
192 297 102
192 332 101
192 553 101
192 554 94
192 580 105
193 567 110
193 568 98
194 469 100
194 517 95
196 498 100
198 338 102
198 450 105
198 526 101
199 236 99
199 318 98
199 388 104
199 558 97
200 241 102
201 360 98
201 625 98
202 415 96
202 602 100
203 385 99
204 555 91
204 630 93
205 234 105
205 294 87
206 514 100
206 582 101
208 254 96
209 386 95
209 617 103
210 503 103
210 583 101
211 445 107
211 595 97
211 638 107
212 502 102
213 513 99
213 583 95
213 628 109
215 450 105
215 576 100
216 400 103
216 592 104
217 310 94
217 625 102
218 264 103
218 385 99
219 358 97
220 307 106
220 347 101
220 469 109
222 548 92
224 278 103
224 497 101
224 602 101
224 630 98
225 262 101
225 277 99
225 389 99
226 364 96
227 275 107
227 493 97
228 560 91
229 238 99
229 417 102
229 442 102
230 327 90
230 369 101
230 448 98
230 514 97
231 321 96
231 364 96
231 396 99
231 578 91
232 271 98
232 424 97
232 540 108
233 321 103
233 326 93
233 512 102
233 525 100
233 595 102
234 614 93
235 291 95
235 612 109
236 341 92
236 492 100
236 537 92
236 593 103
237 471 102
238 510 97
239 373 103
239 375 104
239 471 98
239 542 106
240 325 109
242 544 107
243 569 92
243 635 101
244 367 99
245 337 96
246 480 99
247 533 101
247 569 102
247 572 98
248 326 109
249 449 100
250 485 98
250 621 96
251 434 101
251 480 98
252 469 98
253 615 105
255 367 101
258 407 99
260 321 92
260 460 97
261 288 98
261 295 93
261 594 87
263 488 111
264 533 111
264 595 104
265 367 101
266 482 98
266 626 104
268 433 95
268 436 112
269 288 91
269 319 87
270 271 106
272 378 98
273 563 98
273 634 97
274 427 95
274 507 100
275 513 107
276 300 104
276 363 108
276 624 101
277 283 98
277 518 108
278 577 96
278 612 103
279 471 109
279 603 98
280 455 102
280 506 100
281 282 92
281 385 96
282 615 94
282 636 101
284 321 100
284 446 100
284 565 104
285 469 106
286 316 99
286 440 102
286 481 106
286 497 100
286 590 103
287 363 112
287 637 103
288 370 94
289 303 94
289 321 102
289 465 100
289 466 109
290 493 97
291 307 100
291 481 105
294 637 94
295 638 99
296 445 106
297 319 90
297 449 95
297 466 98
297 555 96
297 590 97
298 358 97
300 516 95
300 591 98
301 408 104
301 444 104
302 361 99
303 369 107
303 451 95
303 490 101
304 552 94
306 470 95
306 556 102
306 566 105
308 329 95
308 358 97
308 556 104
309 490 98
309 524 98
309 607 102
312 434 101
312 639 97
313 563 95
314 569 103
315 618 94
317 406 104
317 554 94
318 631 102
320 403 110
322 330 103
322 488 106
322 496 93
322 620 99
323 423 98
323 610 99
324 329 95
324 337 98
324 464 104
324 622 100
325 533 93
325 615 95
327 543 100
328 574 96
329 333 105
329 336 103
329 357 98
329 418 96
329 462 95
329 490 95
329 600 98
329 609 103
330 360 97
331 435 104
332 343 111
332 441 97
332 506 101
332 513 86
332 587 93
334 354 94
335 420 101
335 637 103
336 450 97
337 382 109
337 414 93
337 594 101
338 508 94
340 348 101
342 344 98
342 395 103
342 513 93
343 570 97
345 507 100
345 511 98
346 359 90
346 397 95
346 477 98
346 488 103
346 534 106
349 458 96
350 372 102
350 630 96
351 619 105
352 589 103
355 577 97
356 446 94
356 487 101
357 513 98
358 526 102
359 542 94
360 425 98
360 494 101
360 549 106
362 488 108
363 517 98
363 539 95
364 401 101
365 376 101
365 523 95
366 439 100
367 488 99
367 570 95
368 371 99
371 558 102
372 571 108
372 595 96
373 494 99
376 390 95
377 467 100
377 490 95
377 569 103
378 466 99
378 621 98
379 384 95
379 524 97
380 502 114
381 415 92
383 640 105
384 429 98
384 634 107
385 410 101
385 481 96
386 463 93
387 439 101
387 487 100
389 535 95
389 539 106
390 410 106
390 442 98
390 468 100
391 403 101
391 601 99
393 395 104
393 425 94
393 434 97
394 451 100
395 401 97
396 557 90
398 400 102
399 543 98
399 603 97
400 405 93
400 623 98
401 432 99
401 617 103
402 420 102
402 424 100
402 486 97
402 562 98
404 514 104
405 418 92
405 491 94
405 598 87
405 605 98
406 461 97
409 522 98
409 525 92
411 531 95
412 573 101
412 610 94
413 507 105
413 622 102
414 447 103
420 425 95
420 575 101
421 443 101
421 552 92
422 532 98
423 611 106
426 493 91
429 549 97
430 595 104
431 485 98
431 536 101
432 480 100
435 609 110
436 513 104
436 599 93
437 548 97
438 469 97
439 630 103
442 484 103
443 450 97
443 541 100
443 570 105
444 615 97
446 488 97
448 459 103
449 521 103
452 502 92
453 519 100
454 600 95
456 484 100
456 618 94
458 482 100
459 477 97
461 635 103
462 539 97
462 617 98
465 473 100
465 633 94
467 482 94
467 604 97
470 572 102
470 585 100
473 577 87
476 603 109
477 600 96
478 552 93
479 529 100
479 584 101
479 603 98
481 520 100
484 536 99
485 620 105
489 529 108
489 625 96
490 534 100
493 506 102
493 630 102
496 526 101
498 527 100
499 539 101
504 585 94
505 615 101
506 574 97
508 638 99
509 623 99
510 578 96
512 551 102
513 621 110
514 579 96
515 526 100
516 533 93
520 584 101
520 610 101
527 539 103
530 570 100
535 608 94
537 588 101
537 638 95
538 560 99
541 619 100
544 594 100
550 583 95
551 603 95
554 556 97
554 619 85
560 574 100
561 639 98
562 640 105
563 579 90
569 585 99
571 606 99
579 627 95
581 598 105
590 596 100
595 621 102
596 616 100
600 629 98
606 639 96
609 624 99
621 635 103
